image: crlab1.pgm
resolution: 0.050000
origin: [-3.526483, -2.566157, 0.000000]
negate: 0
occupied_thresh: 0.65
free_thresh: 0.196

